2665 480 555 77 70 0 0
2666 480 555 77 70 0 0
2667 481 557 72 64 0 0
2668 481 563 71 60 0 0
2669 481 563 68 62 0 0
2670 481 568 67 59 0 0
2671 481 568 66 61 0 0
2672 481 570 65 61 0 0
2673 477 570 68 62 0 0
2674 477 570 67 62 0 0
2675 474 570 67 62 0 0
2676 472 571 65 61 0 0
2677 471 571 64 61 0 0
2678 470 571 63 61 0 0
2679 468 571 61 61 0 0
2680 466 570 61 62 0 0
2681 464 568 61 64 0 0
2682 462 568 61 64 0 0
2683 460 566 61 66 0 0
2684 458 564 61 68 0 0
2685 456 564 61 68 0 0
2686 456 563 57 67 0 0
2687 456 563 57 67 0 0
2688 452 574 57 55 0 0
2689 452 574 55 55 0 0
2690 452 574 55 55 0 0
2691 448 571 53 54 0 0
2692 448 571 51 54 0 0
2693 444 569 53 56 0 0
2694 440 566 55 57 0 0
2695 440 566 53 57 0 0
2696 440 566 51 57 0 0
2697 437 566 52 53 0 0
2698 435 561 52 56 0 0
2699 433 559 52 56 0 0
2700 432 555 51 58 0 0
2701 432 552 49 57 0 0
2702 432 552 47 57 0 0
2703 426 548 49 57 0 0
2704 426 546 49 59 0 0
2705 424 546 49 57 0 0
2706 422 541 47 60 0 0
2707 422 541 47 58 0 0
2708 420 536 47 61 0 0
2709 420 536 46 61 0 0
2710 417 534 48 61 0 0
2711 417 534 48 57 0 0
2712 412 526 48 61 0 0
2713 412 526 48 59 0 0
2714 412 522 47 59 0 0
2715 412 516 45 61 0 0
2716 412 516 45 61 0 0
2717 412 511 43 64 0 0
2718 408 508 47 67 0 0
2719 408 508 45 65 0 0
2720 408 508 45 65 0 0
2721 408 508 43 63 0 0
2722 408 503 41 66 0 0
2723 408 503 41 66 0 0
2724 406 502 43 63 0 0
2725 406 502 41 61 0 0
2726 406 507 41 56 0 0
2727 406 509 39 52 0 0
2728 406 509 39 52 0 0
2729 406 509 39 52 0 0
2730 406 509 37 52 0 0
2731 404 509 37 52 0 0
2732 404 509 37 52 0 0
2733 404 509 37 53 0 0
2734 404 509 37 53 0 0
2735 404 509 37 53 0 0
2736 404 509 37 53 0 0
2737 404 509 35 53 0 0
2738 402 509 35 55 0 0
2739 402 511 35 55 0 0
2740 400 513 35 55 0 0
2741 400 513 35 55 0 0
2742 398 516 35 56 0 0
2743 398 519 33 56 0 0
2744 396 521 35 55 0 0
2745 396 523 33 55 0 0
2746 396 504 49 76 0 0
2747 396 529 31 53 0 0
2748 396 531 31 55 0 0
2749 396 533 29 55 0 0
2750 394 533 31 55 0 0
2751 394 533 29 57 0 0
2752 392 535 29 57 0 0
2753 390 535 30 57 0 0
2754 390 535 27 60 0 0
2755 386 543 29 55 0 0
2756 386 545 27 55 0 0
2757 384 545 29 56 0 0
2758 382 549 29 53 0 0
2759 381 549 26 57 0 0
2760 378 552 29 54 0 0
2761 377 552 26 58 0 0
2762 374 555 27 55 0 0
2763 374 557 27 55 0 0
2764 369 558 30 56 0 0
2765 369 558 28 56 0 0
2766 369 558 26 58 0 0
2767 367 559 26 59 0 0
2768 364 561 27 57 0 0
2769 364 561 27 59 0 0
2770 361 561 26 59 0 0
2771 358 561 25 59 0 0
2772 358 561 23 59 0 0
2773 354 561 25 59 0 0
2774 354 561 23 59 0 0
2775 352 563 23 59 0 0
2776 350 563 23 59 0 0
2777 350 563 23 60 0 0
2778 346 563 23 60 0 0
2779 344 563 23 60 0 0
2780 342 563 23 60 0 0
2781 340 562 23 59 0 0
2782 336 562 23 59 0 0
2783 336 562 21 57 0 0
2784 332 562 23 56 0 0
2785 330 562 23 55 0 0
2786 330 560 21 55 0 0
2787 326 556 23 57 0 0
2788 326 556 21 55 0 0
2789 322 552 23 55 0 0
2790 320 549 23 56 0 0
2791 316 547 25 56 0 0
2792 316 545 23 56 0 0
2793 313 541 24 56 0 0
2794 313 539 22 56 0 0
2795 311 536 22 57 0 0
2796 309 534 24 55 0 0
2797 307 531 24 56 0 0
2798 305 528 24 55 0 0
2799 304 526 25 55 0 0
2800 302 524 25 55 0 0
2801 300 521 27 54 0 0
2802 300 519 25 54 0 0
2803 300 515 23 56 0 0
2804 300 512 23 53 0 0
2805 298 507 25 54 0 0
2806 298 505 23 56 0 0
2807 298 501 23 55 0 0
2808 298 496 23 55 0 0
2809 296 490 25 55 0 0
2810 296 483 23 53 0 0
2811 296 476 23 56 0 0
2812 294 471 25 54 0 0
2813 294 466 25 53 0 0
2814 292 460 25 55 0 0
2815 292 458 25 54 0 0
2816 290 452 27 54 0 0
2817 290 450 25 53 0 0
2818 290 447 25 54 0 0
2819 290 442 25 55 0 0
2820 290 442 25 52 0 0
2821 290 436 25 53 0 0
2822 290 434 26 52 0 0
2823 290 430 26 53 0 0
2824 290 428 27 53 0 0
2825 290 426 28 53 0 0
2826 290 424 30 51 0 0
2827 290 424 30 51 0 0
2828 290 424 30 51 0 0
2829 290 424 30 51 0 0
2830 290 424 30 51 0 0
2831 292 425 31 51 0 0
2832 293 425 30 51 0 0
2833 293 425 33 51 0 0
2834 293 425 33 51 0 0
2835 295 425 33 51 0 0
2836 295 425 33 51 0 0
2837 295 429 33 51 0 0
2838 295 429 33 51 0 0
2839 295 429 33 51 0 0
2840 295 429 33 51 0 0
2841 295 433 33 49 0 0
2842 295 433 33 49 0 0
2843 294 433 34 51 0 0
2844 294 437 34 49 0 0
2845 292 441 36 47 0 0
2846 292 441 36 47 0 0
2847 292 444 36 50 0 0
2848 292 447 36 47 0 0
2849 292 452 36 47 0 0
2850 292 455 36 48 0 0
2851 290 461 38 48 0 0
2852 291 463 37 49 0 0
2853 291 465 37 49 0 0
2854 291 471 36 47 0 0
2855 288 475 39 47 0 0
2856 288 481 39 47 0 0
2857 285 483 42 48 0 0
2858 284 487 41 47 0 0
2859 284 493 41 46 0 0
2860 282 497 41 45 0 0
2861 282 503 39 45 0 0
2862 278 507 41 45 0 0
2863 275 512 41 46 0 0
2864 273 515 40 45 0 0
2865 271 518 40 46 0 0
2866 268 523 41 45 0 0
2867 264 525 43 46 0 0
2868 262 527 43 48 0 0
2869 260 529 43 47 0 0
2870 258 529 43 47 0 0
2871 256 529 41 46 0 0
2872 256 529 41 46 0 0
2873 254 529 43 46 0 0
2874 254 528 41 47 0 0
2875 254 528 41 45 0 0
2876 254 525 41 46 0 0
2877 252 523 44 48 0 0
2878 252 523 44 48 0 0
2879 253 522 43 45 0 0
2880 253 522 43 45 0 0
2881 253 517 43 46 0 0
2882 253 515 43 46 0 0
2883 253 511 43 46 0 0
2884 255 506 41 47 0 0
2885 255 505 43 46 0 0
2886 257 500 41 46 0 0
2887 259 497 42 46 0 0
2888 261 492 44 47 0 0
2889 263 489 44 46 0 0
2890 265 484 44 45 0 0
2891 269 479 41 46 0 0
2892 271 473 41 47 0 0
2893 273 468 41 47 0 0
2894 273 465 44 46 0 0
2895 275 458 43 47 0 0
2896 275 453 43 46 0 0
2897 275 447 45 47 0 0
2898 275 443 44 45 0 0
2899 275 436 44 45 0 0
2900 275 432 44 47 0 0
2901 275 429 45 45 0 0
2902 275 424 44 45 0 0
2903 275 418 44 46 0 0
2904 275 414 44 45 0 0
2905 277 407 43 44 0 0
2906 277 400 43 45 0 0
2907 279 394 43 45 0 0
2908 281 384 41 44 0 0
2909 281 377 43 44 0 0
2910 281 368 43 43 0 0
2911 281 362 43 43 0 0
2912 281 356 43 43 0 0
2913 281 348 45 43 0 0
2914 281 342 45 43 0 0
2915 283 336 45 41 0 0
2916 283 330 47 41 0 0
2917 286 326 46 41 0 0
2918 289 321 45 42 0 0
2919 289 319 47 44 0 0
2920 289 315 49 42 0 0
2921 293 313 45 42 0 0
2922 293 310 47 40 0 0
2923 295 308 47 40 0 0
2924 297 304 47 41 0 0
2925 299 302 47 41 0 0
2926 299 302 47 41 0 0
2927 303 301 47 40 0 0
2928 305 301 47 40 0 0
2929 305 301 47 40 0 0
2930 305 301 49 40 0 0
2931 309 301 47 40 0 0
2932 309 301 47 40 0 0
2933 309 303 49 38 0 0
2934 311 305 47 37 0 0
2935 311 305 49 37 0 0
2936 313 305 47 37 0 0
2937 313 307 49 35 0 0
2938 313 307 49 37 0 0
2939 313 307 49 37 0 0
2940 313 311 51 33 0 0
2941 317 313 47 33 0 0
2942 319 315 49 33 0 0
2943 319 315 49 33 0 0
2944 319 315 49 33 0 0
2945 319 317 51 33 0 0
2946 319 314 51 34 0 0
2947 319 314 51 34 0 0
2948 319 314 51 34 0 0
2949 319 314 51 34 0 0
2950 319 314 51 34 0 0
2951 319 314 51 34 0 0
2952 319 314 51 34 0 0
2953 319 314 51 31 0 0
2954 319 314 51 31 0 0
2955 319 312 51 33 0 0
2956 319 312 51 31 0 0
2957 319 310 51 31 0 0
2958 319 310 51 31 0 0
2959 319 309 51 30 0 0
2960 319 308 51 31 0 0
2961 319 308 51 31 0 0
2962 319 308 51 31 0 0
2963 319 310 53 29 0 0
2964 319 310 52 29 0 0
2965 321 310 50 29 0 0
2966 321 309 50 30 0 0
2967 321 308 51 29 0 0
2968 321 306 51 27 0 0
2969 321 304 50 29 0 0
2970 320 301 51 28 0 0
2971 320 299 51 30 0 0
2972 320 296 49 29 0 0
2973 320 296 49 29 0 0
2974 320 294 49 29 0 0
2975 318 292 51 27 0 0
2976 318 292 51 27 0 0
2977 318 290 51 27 0 0
2978 318 287 51 28 0 0
2979 318 286 51 27 0 0
2980 318 284 51 27 0 0
2981 318 282 51 27 0 0
2982 318 280 51 25 0 0
2983 318 280 51 25 0 0
2984 319 276 50 25 0 0
2985 319 274 50 25 0 0
2986 319 272 50 25 0 0
2987 319 270 50 25 0 0
2988 318 269 52 24 0 0
2989 318 266 51 25 0 0
2990 318 264 51 25 0 0
2991 318 263 51 24 0 0
2992 318 260 51 25 0 0
2993 318 258 51 25 0 0
2994 318 249 50 24 0 0
2995 318 240 49 23 0 0
2996 316 230 51 25 0 0
2997 316 228 49 23 0 0
2998 316 224 49 24 0 0
2999 314 214 51 23 0 0
