1997 625 207 43 19 0 0
1998 625 207 45 17 0 0
1999 625 207 46 17 0 0
2000 627 204 44 18 0 0
2001 627 203 44 20 0 0
2002 627 203 44 18 0 0
2003 627 201 44 19 0 0
2004 629 199 44 21 0 0
2005 630 199 43 21 0 0
2006 630 199 43 20 0 0
2007 631 199 43 19 0 0
2008 633 198 43 19 0 0
2009 635 196 43 19 0 0
2010 636 194 44 19 0 0
2011 637 192 45 19 0 0
2012 639 190 45 18 0 0
2013 641 188 45 19 0 0
2014 642 186 45 20 0 0
2015 643 186 46 20 0 0
2016 645 185 45 20 0 0
2017 647 185 45 20 0 0
2018 649 185 45 19 0 0
2019 651 185 46 19 0 0
2020 653 185 46 19 0 0
2021 654 185 46 19 0 0
2022 655 185 47 19 0 0
2023 657 185 47 19 0 0
2024 659 185 48 19 0 0
2025 661 185 48 19 0 0
2026 663 185 49 19 0 0
2027 665 187 48 18 0 0
2028 667 188 47 19 0 0
2029 669 190 47 17 0 0
2030 671 191 48 19 0 0
2031 673 193 48 18 0 0
2032 675 196 48 18 0 0
2033 677 197 48 18 0 0
2034 679 200 48 17 0 0
2035 681 201 49 18 0 0
2036 684 203 49 17 0 0
2037 685 205 49 17 0 0
2038 687 207 49 17 0 0
2039 689 211 49 15 0 0
2040 691 213 49 15 0 0
2041 693 216 48 16 0 0
2042 695 219 47 16 0 0
2043 697 223 45 15 0 0
2044 697 225 47 16 0 0
2045 700 229 47 15 0 0
2046 701 231 48 15 0 0
2047 703 233 48 16 0 0
2048 704 239 49 14 0 0
2049 705 239 50 16 0 0
2050 707 241 48 18 0 0
2051 707 243 50 18 0 0
2052 707 247 50 16 0 0
2053 709 251 49 16 0 0
2054 709 255 50 16 0 0
2055 709 255 50 18 0 0
2056 709 257 50 18 0 0
2057 711 259 48 18 0 0
2058 711 261 48 17 0 0
2059 711 261 50 18 0 0
2060 711 262 50 18 0 0
2061 712 263 49 19 0 0
2062 712 265 49 18 0 0
2063 712 267 49 18 0 0
2064 712 268 50 19 0 0
2065 713 269 50 18 0 0
2066 713 271 50 18 0 0
2067 713 273 50 18 0 0
2068 715 273 50 18 0 0
2069 716 273 49 18 0 0
2070 716 273 51 19 0 0
2071 717 273 50 20 0 0
2072 717 273 51 20 0 0
2073 717 273 51 20 0 0
2074 718 275 49 20 0 0
2075 718 275 49 22 0 0
2076 718 275 49 21 0 0
2077 718 277 49 20 0 0
2078 718 277 49 22 0 0
2079 718 279 51 22 0 0
2080 719 281 50 20 0 0
2081 719 281 50 22 0 0
2082 719 283 50 22 0 0
2083 720 285 51 22 0 0
2084 721 287 51 22 0 0
2085 721 288 52 21 0 0
2086 723 289 50 22 0 0
2087 724 289 51 22 0 0
2088 725 291 51 22 0 0
2089 725 293 51 22 0 0
2090 725 293 52 22 0 0
2091 725 293 50 22 0 0
2092 723 293 52 22 0 0
2093 721 293 52 22 0 0
2094 720 293 53 22 0 0
2095 718 293 53 22 0 0
2096 717 293 52 22 0 0
2097 717 294 52 21 0 0
2098 717 294 52 23 0 0
2099 717 294 52 23 0 0
2100 718 294 53 23 0 0
2101 719 294 53 23 0 0
2102 721 294 52 23 0 0
2103 722 295 51 23 0 0
2104 723 297 52 22 0 0
2105 723 298 52 23 0 0
2106 723 301 52 24 0 0
2107 723 301 52 25 0 0
2108 723 303 52 25 0 0
2109 725 304 52 25 0 0
2110 725 305 52 26 0 0
2111 726 307 53 25 0 0
2112 727 309 52 25 0 0
2113 727 311 52 26 0 0
2114 727 313 52 26 0 0
2115 727 317 52 26 0 0
2116 727 319 52 26 0 0
2117 727 321 53 26 0 0
2118 727 321 53 26 0 0
2119 727 321 52 26 0 0
2120 727 321 52 25 0 0
2121 726 321 53 25 0 0
2122 726 321 53 24 0 0
2123 725 320 52 25 0 0
2124 725 319 52 26 0 0
2125 725 319 52 26 0 0
2126 725 317 54 27 0 0
2127 727 317 52 26 0 0
2128 727 317 52 26 0 0
2129 729 317 50 26 0 0
2130 729 315 52 28 0 0
2131 730 315 53 28 0 0
2132 730 314 53 27 0 0
2133 731 313 52 28 0 0
2134 732 313 51 28 0 0
2135 733 313 51 28 0 0
2136 733 315 52 28 0 0
2137 733 317 52 28 0 0
2138 733 319 52 28 0 0
2139 733 321 52 28 0 0
2140 732 323 53 30 0 0
2141 731 326 52 31 0 0
2142 731 327 52 32 0 0
2143 732 329 51 30 0 0
2144 731 328 52 29 0 0
2145 731 329 52 29 0 0
2146 731 327 52 32 0 0
2147 731 327 50 30 0 0
2148 731 325 50 30 0 0
2149 731 325 50 29 0 0
2150 731 325 50 29 0 0
2151 731 325 50 30 0 0
2152 731 325 50 30 0 0
2153 731 325 49 31 0 0
2154 729 323 51 32 0 0
2155 729 322 51 32 0 0
2156 729 322 50 31 0 0
2157 729 323 50 32 0 0
2158 729 323 50 34 0 0
2159 728 323 51 34 0 0
2160 729 323 50 34 0 0
2161 729 321 50 34 0 0
2162 731 321 48 32 0 0
2163 731 319 48 34 0 0
2164 731 319 50 32 0 0
2165 731 317 50 35 0 0
2166 732 317 49 36 0 0
2167 733 313 50 40 0 0
2168 733 313 50 38 0 0
2169 735 311 49 37 0 0
2170 736 309 48 39 0 0
2171 739 309 48 38 0 0
2172 740 311 48 36 0 0
2173 741 311 48 36 0 0
2174 743 313 48 36 0 0
2175 745 313 47 38 0 0
2176 747 315 47 38 0 0
2177 748 315 48 40 0 0
2178 749 317 47 40 0 0
2179 750 319 47 38 0 0
2180 751 319 48 40 0 0
2181 751 321 50 40 0 0
2182 753 323 48 42 0 0
2183 754 327 47 40 0 0
2184 755 329 48 42 0 0
2185 757 335 46 40 0 0
2186 757 337 48 42 0 0
2187 757 341 48 41 0 0
2188 759 347 46 42 0 0
2189 759 349 46 44 0 0
2190 759 353 46 44 0 0
2191 759 357 46 42 0 0
2192 759 361 46 44 0 0
2193 759 368 46 43 0 0
2194 759 371 46 44 0 0
2195 757 377 47 44 0 0
2196 757 379 48 45 0 0
2197 757 384 47 45 0 0
2198 757 391 46 47 0 0
2199 757 395 46 46 0 0
2200 755 401 48 44 0 0
2201 755 403 48 46 0 0
2202 755 409 44 44 0 0
2203 755 413 44 43 0 0
2204 753 415 44 43 0 0
2205 753 415 42 44 0 0
2206 753 417 42 44 0 0
2207 753 419 42 44 0 0
2208 751 419 42 46 0 0
2209 749 421 42 46 0 0
2210 749 423 42 46 0 0
2211 747 427 44 45 0 0
2212 745 429 44 46 0 0
2213 745 431 42 46 0 0
2214 743 433 44 47 0 0
2215 741 435 44 48 0 0
2216 741 439 44 45 0 0
2217 739 439 44 47 0 0
2218 739 441 44 46 0 0
2219 737 439 44 47 0 0
2220 737 438 44 47 0 0
2221 737 435 42 48 0 0
2222 735 435 42 46 0 0
2223 733 433 42 48 0 0
2224 731 433 42 48 0 0
2225 729 431 39 50 0 0
2226 727 431 40 48 0 0
2227 725 431 40 48 0 0
2228 721 429 40 48 0 0
2229 719 427 38 48 0 0
2230 715 423 38 50 0 0
2231 713 421 38 50 0 0
2232 711 419 38 50 0 0
2233 709 417 38 50 0 0
2234 709 417 36 48 0 0
2235 707 413 36 50 0 0
2236 707 413 36 48 0 0
2237 705 411 36 48 0 0
2238 705 409 36 48 0 0
2239 705 409 38 48 0 0
2240 707 407 36 50 0 0
2241 707 407 36 48 0 0
2242 707 403 36 50 0 0
2243 707 401 36 49 0 0
2244 706 399 35 48 0 0
2245 705 395 35 48 0 0
2246 703 393 37 48 0 0
2247 701 393 36 48 0 0
2248 701 393 34 47 0 0
2249 699 391 36 49 0 0
2250 698 391 34 50 0 0
2251 697 391 34 50 0 0
2252 697 391 32 50 0 0
2253 697 392 32 50 0 0
2254 697 393 32 50 0 0
2255 697 395 32 50 0 0
2256 699 395 30 50 0 0
2257 699 397 30 49 0 0
2258 699 396 30 51 0 0
2259 699 397 30 50 0 0
2260 699 397 30 50 0 0
2261 698 399 30 50 0 0
2262 697 400 30 50 0 0
2263 697 400 28 51 0 0
2264 697 400 28 51 0 0
2265 696 400 29 49 0 0
2266 694 397 31 52 0 0
2267 693 397 30 52 0 0
2268 692 395 29 52 0 0
2269 691 395 28 52 0 0
2270 690 395 28 52 0 0
2271 689 395 28 52 0 0
2272 688 395 29 52 0 0
2273 687 395 28 52 0 0
2274 687 395 28 52 0 0
2275 687 395 28 52 0 0
2276 687 395 28 52 0 0
2277 687 394 26 51 0 0
2278 687 394 26 51 0 0
2279 687 393 26 52 0 0
2280 686 391 27 50 0 0
2281 685 389 28 50 0 0
2282 685 387 26 52 0 0
2283 685 385 26 50 0 0
2284 685 383 26 50 0 0
2285 684 381 25 50 0 0
2286 684 379 25 50 0 0
2287 684 377 25 52 0 0
2288 684 376 23 51 0 0
2289 684 374 23 51 0 0
2290 684 370 23 51 0 0
2291 683 365 24 52 0 0
2292 683 359 24 52 0 0
2293 683 356 24 51 0 0
2294 683 353 24 52 0 0
2295 683 349 24 52 0 0
2296 683 347 25 52 0 0
2297 685 344 23 52 0 0
2298 685 343 24 52 0 0
2299 687 341 24 52 0 0
2300 688 339 23 52 0 0
2301 688 339 24 50 0 0
2302 689 337 25 52 0 0
2303 691 337 23 52 0 0
2304 693 336 23 51 0 0
2305 695 336 24 51 0 0
2306 695 336 26 50 0 0
2307 697 335 25 50 0 0
2308 699 335 24 51 0 0
2309 701 336 24 50 0 0
2310 703 338 24 52 0 0
2311 706 339 23 54 0 0
2312 707 343 26 53 0 0
2313 710 345 25 52 0 0
2314 711 347 24 54 0 0
2315 711 349 26 54 0 0
2316 712 351 27 52 0 0
2317 713 355 26 52 0 0
2318 713 357 28 52 0 0
2319 712 361 29 52 0 0
2320 715 366 28 52 0 0
2321 715 369 28 52 0 0
2322 715 375 30 52 0 0
2323 715 379 32 52 0 0
2324 717 388 31 51 0 0
2325 717 394 32 51 0 0
2326 718 402 33 51 0 0
2327 719 405 34 53 0 0
2328 719 409 34 52 0 0
2329 719 415 36 54 0 0
2330 721 421 34 53 0 0
2331 719 433 36 48 0 0
2332 720 437 35 49 0 0
2333 720 445 35 48 0 0
2334 720 450 34 47 0 0
2335 718 453 35 49 0 0
2336 717 459 36 49 0 0
2337 716 463 37 50 0 0
2338 716 469 35 49 0 0
2339 716 473 35 48 0 0
2340 714 481 35 46 0 0
2341 714 485 35 46 0 0
2342 714 487 35 47 0 0
2343 712 493 35 47 0 0
2344 712 496 35 49 0 0
2345 708 503 37 48 0 0
2346 707 506 36 48 0 0
2347 704 512 37 47 0 0
2348 701 514 40 47 0 0
2349 701 516 37 47 0 0
2350 697 517 38 48 0 0
2351 696 518 37 48 0 0
2352 692 517 39 48 0 0
2353 690 517 39 48 0 0
2354 690 518 37 47 0 0
2355 689 518 36 45 0 0
2356 685 518 38 45 0 0
2357 685 516 36 47 0 0
2358 683 513 36 48 0 0
2359 679 513 36 46 0 0
2360 677 513 37 45 0 0
2361 675 511 36 46 0 0
2362 673 510 36 45 0 0
2363 667 508 40 45 0 0
2364 667 504 38 45 0 0
2365 667 501 36 47 0 0
2366 665 497 37 46 0 0
2367 664 495 37 44 0 0
2368 662 490 37 45 0 0
2369 660 485 38 46 0 0
2370 658 482 37 45 0 0
2371 657 479 37 45 0 0
2372 656 478 37 43 0 0
2373 654 476 36 41 0 0
2374 651 471 36 45 0 0
2375 649 468 36 45 0 0
2376 647 465 38 46 0 0
2377 646 463 38 44 0 0
2378 645 460 39 44 0 0
2379 647 456 37 43 0 0
2380 646 452 38 43 0 0
2381 647 446 38 44 0 0
2382 645 438 40 46 0 0
2383 645 432 40 47 0 0
2384 644 430 40 43 0 0
2385 644 427 40 44 0 0
2386 640 423 41 44 0 0
2387 639 423 42 43 0 0
2388 639 420 42 44 0 0
2389 638 415 43 46 0 0
2390 638 413 43 46 0 0
2391 639 412 43 43 0 0
2392 640 407 43 45 0 0
2393 641 407 42 44 0 0
2394 640 405 43 43 0 0
2395 639 405 45 42 0 0
2396 640 402 45 43 0 0
2397 640 400 46 43 0 0
2398 640 399 45 43 0 0
2399 640 397 46 42 0 0
2400 642 395 44 44 0 0
2401 643 395 44 42 0 0
2402 643 395 44 42 0 0
2403 643 395 46 41 0 0
2404 645 394 46 41 0 0
2405 645 391 49 44 0 0
2406 647 391 48 44 0 0
2407 649 394 48 43 0 0
2408 649 397 49 43 0 0
2409 651 401 46 42 0 0
2410 651 403 46 42 0 0
2411 651 405 46 41 0 0
2412 651 407 46 40 0 0
2413 651 408 47 41 0 0
2414 651 407 48 43 0 0
2415 651 409 50 42 0 0
2416 651 411 49 42 0 0
2417 653 412 51 45 0 0
2418 653 417 52 42 0 0
2419 653 419 51 43 0 0
2420 654 424 52 42 0 0
2421 654 427 51 42 0 0
2422 653 431 52 41 0 0
2423 653 433 53 41 0 0
2424 653 437 52 39 0 0
2425 653 440 53 40 0 0
2426 653 444 53 39 0 0
2427 653 447 54 40 0 0
2428 653 449 53 40 0 0
2429 653 453 52 41 0 0
2430 653 455 52 40 0 0
2431 652 459 53 38 0 0
2432 652 460 53 39 0 0
2433 653 461 51 39 0 0
2434 652 461 52 39 0 0
2435 652 461 54 39 0 0
2436 652 463 53 37 0 0
2437 651 464 54 38 0 0
2438 651 463 54 38 0 0
2439 651 462 54 39 0 0
2440 649 460 54 39 0 0
2441 648 461 55 38 0 0
2442 646 457 55 40 0 0
2443 645 457 56 40 0 0
2444 645 453 54 42 0 0
2445 644 453 56 40 0 0
2446 644 452 56 39 0 0
2447 645 449 56 40 0 0
2448 645 449 56 40 0 0
2449 645 447 56 40 0 0
2450 645 448 57 38 0 0
2451 645 449 56 36 0 0
2452 645 449 56 36 0 0
2453 643 447 56 38 0 0
2454 643 448 56 37 0 0
2455 643 446 56 37 0 0
2456 643 445 56 38 0 0
2457 643 444 57 39 0 0
2458 644 445 60 37 0 0
2459 644 441 62 41 0 0
2460 644 443 61 38 0 0
2461 644 441 59 40 0 0
2462 643 440 60 40 0 0
2463 645 440 58 39 0 0
2464 645 441 58 36 0 0
2465 645 441 58 36 0 0
2466 645 441 58 36 0 0
2467 646 443 58 36 0 0
2468 647 447 58 35 0 0
2469 649 449 59 35 0 0
2470 649 453 60 35 0 0
2471 649 453 60 37 0 0
2472 651 459 58 34 0 0
2473 651 463 58 33 0 0
2474 651 466 58 35 0 0
2475 650 469 59 34 0 0
2476 650 473 61 32 0 0
2477 650 474 59 33 0 0
2478 649 475 59 36 0 0
2479 649 477 60 36 0 0
2480 648 480 63 37 0 0
2481 647 485 65 36 0 0
2482 647 489 63 36 0 0
2483 647 493 61 34 0 0
2484 647 500 62 31 0 0
2485 647 502 61 32 0 0
2486 645 507 62 32 0 0
2487 642 511 62 32 0 0
2488 644 513 60 32 0 0
2489 642 517 62 30 0 0
2490 640 519 62 31 0 0
2491 639 521 64 30 0 0
2492 639 523 64 29 0 0
2493 639 525 62 27 0 0
2494 637 527 64 28 0 0
2495 637 527 62 28 0 0
2496 635 527 65 28 0 0
2497 632 527 66 29 0 0
2498 630 527 65 30 0 0
2499 629 527 64 29 0 0
2500 627 528 67 28 0 0
2501 626 528 64 27 0 0
2502 624 526 66 29 0 0
2503 623 525 66 30 0 0
2504 623 525 62 30 0 0
2505 619 524 65 31 0 0
2506 619 524 62 28 0 0
2507 618 522 62 29 0 0
2508 617 520 63 29 0 0
2509 617 518 63 31 0 0
2510 614 516 64 31 0 0
2511 614 516 62 30 0 0
2512 612 513 65 29 0 0
2513 612 512 62 28 0 0
2514 610 509 63 31 0 0
2515 610 507 63 29 0 0
2516 610 505 61 28 0 0
2517 607 502 60 29 0 0
2518 606 499 61 28 0 0
2519 606 497 61 27 0 0
2520 606 493 61 28 0 0
2521 602 491 65 28 0 0
2522 601 489 64 27 0 0
2523 601 487 64 27 0 0
2524 601 485 65 26 0 0
2525 601 481 66 26 0 0
2526 601 478 63 27 0 0
2527 601 476 64 27 0 0
2528 601 473 64 26 0 0
2529 600 471 65 26 0 0
2530 601 470 64 25 0 0
2531 601 467 64 28 0 0
2532 599 467 66 26 0 0
2533 599 464 66 28 0 0
2534 599 461 66 28 0 0
2535 599 461 64 28 0 0
2536 601 459 63 28 0 0
2537 599 456 64 31 0 0
2538 599 455 65 30 0 0
2539 599 457 66 26 0 0
2540 599 456 64 26 0 0
2541 599 453 67 28 0 0
2542 599 453 68 26 0 0
2543 599 454 66 25 0 0
2544 599 453 66 26 0 0
2545 599 453 66 25 0 0
2546 601 454 64 23 0 0
2547 602 454 63 25 0 0
2548 602 455 65 26 0 0
2549 604 456 64 29 0 0
2550 605 461 65 26 0 0
2551 606 465 65 27 0 0
2552 606 469 69 25 0 0
2553 607 473 66 28 0 0
2554 607 479 66 30 0 0
2555 609 483 64 28 0 0
2556 609 489 65 26 0 0
2557 609 494 65 25 0 0
2558 609 499 65 26 0 0
2559 609 503 66 28 0 0
2560 608 511 69 26 0 0
2561 607 517 71 27 0 0
2562 607 521 72 26 0 0
2563 605 527 66 27 0 0
2564 605 531 66 28 0 0
2565 605 533 66 28 0 0
2566 601 539 67 30 0 0
2567 601 543 66 30 0 0
2568 597 549 70 29 0 0
2569 597 553 68 28 0 0
2570 597 558 66 28 0 0
2571 595 563 66 28 0 0
2572 594 565 69 30 0 0
2573 594 570 69 29 0 0
2574 592 573 70 29 0 0
2575 590 577 70 30 0 0
2576 587 579 68 29 0 0
2577 585 581 68 28 0 0
2578 582 583 69 28 0 0
2579 581 583 70 29 0 0
2580 577 584 68 28 0 0
2581 576 583 67 28 0 0
2582 574 581 67 30 0 0
2583 571 581 68 31 0 0
2584 569 580 70 35 0 0
2585 565 579 67 30 0 0
2586 563 579 68 30 0 0
2587 560 573 65 30 0 0
2588 559 573 64 28 0 0
2589 556 570 67 31 0 0
2590 555 569 64 28 0 0
2591 552 563 66 32 0 0
2592 550 561 67 30 0 0
2593 549 559 68 30 0 0
2594 549 556 68 31 0 0
2595 549 554 67 31 0 0
2596 549 550 67 33 0 0
2597 549 545 66 32 0 0
2598 548 544 67 33 0 0
2599 545 540 69 32 0 0
2600 544 537 67 34 0 0
2601 543 533 66 34 0 0
2602 540 529 67 36 0 0
2603 538 527 67 34 0 0
2604 539 525 64 32 0 0
2605 535 522 66 33 0 0
2606 534 521 67 33 0 0
2607 533 519 68 33 0 0
2608 532 515 68 34 0 0
2609 531 513 68 34 0 0
2610 531 510 67 33 0 0
2611 531 508 67 33 0 0
2612 530 505 67 32 0 0
2613 529 503 67 33 0 0
2614 529 502 67 33 0 0
2615 531 500 65 33 0 0
2616 531 499 64 33 0 0
2617 531 497 64 34 0 0
2618 531 497 64 34 0 0
2619 531 496 64 35 0 0
2620 530 494 65 35 0 0
2621 529 493 66 36 0 0
2622 529 493 66 36 0 0
2623 529 493 64 36 0 0
2624 529 493 64 36 0 0
2625 529 493 64 38 0 0
2626 528 493 65 38 0 0
2627 529 493 63 36 0 0
2628 528 492 63 36 0 0
2629 528 492 62 36 0 0
2630 527 495 62 36 0 0
2631 527 497 63 36 0 0
2632 527 500 63 37 0 0
2633 527 503 63 37 0 0
2634 527 505 63 37 0 0
2635 526 506 63 37 0 0
2636 526 506 63 37 0 0
2637 525 505 63 37 0 0
2638 525 505 63 38 0 0
2639 524 507 63 40 0 0
2640 523 509 63 40 0 0
2641 523 512 62 40 0 0
2642 523 515 61 40 0 0
2643 523 517 61 40 0 0
2644 523 519 61 40 0 0
2645 521 521 63 40 0 0
2646 521 523 62 40 0 0
2647 521 526 61 42 0 0
2648 519 528 62 43 0 0
2649 517 531 63 44 0 0
2650 517 533 62 44 0 0
2651 517 536 61 44 0 0
2652 516 538 61 44 0 0
2653 515 539 61 44 0 0
2654 514 542 61 44 0 0
2655 513 544 61 44 0 0
2656 512 548 59 45 0 0
2657 510 551 59 45 0 0
2658 508 553 60 46 0 0
2659 505 557 61 46 0 0
2660 506 559 59 47 0 0
2661 505 563 59 47 0 0
2662 505 567 58 45 0 0
2663 505 569 57 45 0 0
2664 502 571 58 45 0 0
2665 500 571 57 54 0 0
2666 480 555 77 70 0 0
2667 481 557 72 64 0 0
2668 481 563 71 60 0 0
2669 481 563 68 62 0 0
2670 481 568 67 59 0 0
2671 481 568 66 61 0 0
2672 481 570 65 61 0 0
2673 477 570 68 62 0 0
2674 477 570 67 62 0 0
2675 474 570 67 62 0 0
2676 472 571 65 61 0 0
2677 471 571 64 61 0 0
2678 470 571 63 61 0 0
2679 468 571 61 61 0 0
2680 466 570 61 62 0 0
2681 464 568 61 64 0 0
2682 462 568 61 64 0 0
2683 460 566 61 66 0 0
2684 458 564 61 68 0 0
2685 456 564 61 68 0 0
2686 456 563 57 67 0 0
2687 456 563 57 67 0 0
2688 452 574 57 55 0 0
2689 452 574 55 55 0 0
2690 452 574 55 55 0 0
2691 448 571 53 54 0 0
2692 448 571 51 54 0 0
2693 444 569 53 56 0 0
2694 440 566 55 57 0 0
2695 440 566 53 57 0 0
2696 440 566 51 57 0 0
2697 437 566 52 53 0 0
2698 435 561 52 56 0 0
2699 433 559 52 56 0 0
2700 432 555 51 58 0 0
2701 432 552 49 57 0 0
2702 432 552 47 57 0 0
2703 426 548 49 57 0 0
2704 426 546 49 59 0 0
2705 424 546 49 57 0 0
2706 422 541 47 60 0 0
2707 422 541 47 58 0 0
2708 420 536 47 61 0 0
2709 420 536 46 61 0 0
2710 417 534 48 61 0 0
2711 417 534 48 57 0 0
2712 412 526 48 61 0 0
2713 412 526 48 59 0 0
2714 412 522 47 59 0 0
2715 412 516 45 61 0 0
2716 412 516 45 61 0 0
2717 412 511 43 64 0 0
2718 408 508 47 67 0 0
2719 408 508 45 65 0 0
2720 408 508 45 65 0 0
2721 408 508 43 63 0 0
2722 408 503 41 66 0 0
2723 408 503 41 66 0 0
2724 406 502 43 63 0 0
2725 406 502 41 61 0 0
2726 406 507 41 56 0 0
2727 406 509 39 52 0 0
2728 406 509 39 52 0 0
2729 406 509 39 52 0 0
2730 406 509 37 52 0 0
2731 404 509 37 52 0 0
2732 404 509 37 52 0 0
2733 404 509 37 53 0 0
2734 404 509 37 53 0 0
2735 404 509 37 53 0 0
2736 404 509 37 53 0 0
2737 404 509 35 53 0 0
2738 402 509 35 55 0 0
2739 402 511 35 55 0 0
2740 400 513 35 55 0 0
2741 400 513 35 55 0 0
2742 398 516 35 56 0 0
2743 398 519 33 56 0 0
2744 396 521 35 55 0 0
2745 396 523 33 55 0 0
2746 396 504 49 76 0 0
2747 396 529 31 53 0 0
2748 396 531 31 55 0 0
2749 396 533 29 55 0 0
2750 394 533 31 55 0 0
2751 394 533 29 57 0 0
2752 392 535 29 57 0 0
2753 390 535 30 57 0 0
2754 390 535 27 60 0 0
2755 386 543 29 55 0 0
2756 386 545 27 55 0 0
2757 384 545 29 56 0 0
2758 382 549 29 53 0 0
2759 381 549 26 57 0 0
2760 378 552 29 54 0 0
2761 377 552 26 58 0 0
2762 374 555 27 55 0 0
2763 374 557 27 55 0 0
2764 369 558 30 56 0 0
2765 369 558 28 56 0 0
2766 369 558 26 58 0 0
2767 367 559 26 59 0 0
2768 364 561 27 57 0 0
2769 364 561 27 59 0 0
2770 361 561 26 59 0 0
2771 358 561 25 59 0 0
2772 358 561 23 59 0 0
2773 354 561 25 59 0 0
2774 354 561 23 59 0 0
2775 352 563 23 59 0 0
2776 350 563 23 59 0 0
2777 350 563 23 60 0 0
2778 346 563 23 60 0 0
2779 344 563 23 60 0 0
2780 342 563 23 60 0 0
2781 340 562 23 59 0 0
2782 336 562 23 59 0 0
2783 336 562 21 57 0 0
2784 332 562 23 56 0 0
2785 330 562 23 55 0 0
2786 330 560 21 55 0 0
2787 326 556 23 57 0 0
2788 326 556 21 55 0 0
2789 322 552 23 55 0 0
2790 320 549 23 56 0 0
2791 316 547 25 56 0 0
2792 316 545 23 56 0 0
2793 313 541 24 56 0 0
2794 313 539 22 56 0 0
2795 311 536 22 57 0 0
2796 309 534 24 55 0 0
2797 307 531 24 56 0 0
2798 305 528 24 55 0 0
2799 304 526 25 55 0 0
2800 302 524 25 55 0 0
2801 300 521 27 54 0 0
2802 300 519 25 54 0 0
2803 300 515 23 56 0 0
2804 300 512 23 53 0 0
2805 298 507 25 54 0 0
2806 298 505 23 56 0 0
2807 298 501 23 55 0 0
2808 298 496 23 55 0 0
2809 296 490 25 55 0 0
2810 296 483 23 53 0 0
2811 296 476 23 56 0 0
2812 294 471 25 54 0 0
2813 294 466 25 53 0 0
2814 292 460 25 55 0 0
2815 292 458 25 54 0 0
2816 290 452 27 54 0 0
2817 290 450 25 53 0 0
2818 290 447 25 54 0 0
2819 290 442 25 55 0 0
2820 290 442 25 52 0 0
2821 290 436 25 53 0 0
2822 290 434 26 52 0 0
2823 290 430 26 53 0 0
2824 290 428 27 53 0 0
2825 290 426 28 53 0 0
2826 290 424 30 51 0 0
2827 290 424 30 51 0 0
2828 290 424 30 51 0 0
2829 290 424 30 51 0 0
2830 290 424 30 51 0 0
2831 292 425 31 51 0 0
2832 293 425 30 51 0 0
2833 293 425 33 51 0 0
2834 293 425 33 51 0 0
2835 295 425 33 51 0 0
2836 295 425 33 51 0 0
2837 295 429 33 51 0 0
2838 295 429 33 51 0 0
2839 295 429 33 51 0 0
2840 295 429 33 51 0 0
2841 295 433 33 49 0 0
2842 295 433 33 49 0 0
2843 294 433 34 51 0 0
2844 294 437 34 49 0 0
2845 292 441 36 47 0 0
2846 292 441 36 47 0 0
2847 292 444 36 50 0 0
2848 292 447 36 47 0 0
2849 292 452 36 47 0 0
2850 292 455 36 48 0 0
2851 290 461 38 48 0 0
2852 291 463 37 49 0 0
2853 291 465 37 49 0 0
2854 291 471 36 47 0 0
2855 288 475 39 47 0 0
2856 288 481 39 47 0 0
2857 285 483 42 48 0 0
2858 284 487 41 47 0 0
2859 284 493 41 46 0 0
2860 282 497 41 45 0 0
2861 282 503 39 45 0 0
2862 278 507 41 45 0 0
2863 275 512 41 46 0 0
2864 273 515 40 45 0 0
2865 271 518 40 46 0 0
2866 268 523 41 45 0 0
2867 264 525 43 46 0 0
2868 262 527 43 48 0 0
2869 260 529 43 47 0 0
2870 258 529 43 47 0 0
2871 256 529 41 46 0 0
2872 256 529 41 46 0 0
2873 254 529 43 46 0 0
2874 254 528 41 47 0 0
2875 254 528 41 45 0 0
2876 254 525 41 46 0 0
2877 252 523 44 48 0 0
2878 252 523 44 48 0 0
2879 253 522 43 45 0 0
2880 253 522 43 45 0 0
2881 253 517 43 46 0 0
2882 253 515 43 46 0 0
2883 253 511 43 46 0 0
2884 255 506 41 47 0 0
2885 255 505 43 46 0 0
2886 257 500 41 46 0 0
2887 259 497 42 46 0 0
2888 261 492 44 47 0 0
2889 263 489 44 46 0 0
2890 265 484 44 45 0 0
2891 269 479 41 46 0 0
2892 271 473 41 47 0 0
2893 273 468 41 47 0 0
2894 273 465 44 46 0 0
2895 275 458 43 47 0 0
2896 275 453 43 46 0 0
2897 275 447 45 47 0 0
2898 275 443 44 45 0 0
2899 275 436 44 45 0 0
2900 275 432 44 47 0 0
2901 275 429 45 45 0 0
2902 275 424 44 45 0 0
2903 275 418 44 46 0 0
2904 275 414 44 45 0 0
2905 277 407 43 44 0 0
2906 277 400 43 45 0 0
2907 279 394 43 45 0 0
2908 281 384 41 44 0 0
2909 281 377 43 44 0 0
2910 281 368 43 43 0 0
2911 281 362 43 43 0 0
2912 281 356 43 43 0 0
2913 281 348 45 43 0 0
2914 281 342 45 43 0 0
2915 283 336 45 41 0 0
2916 283 330 47 41 0 0
2917 286 326 46 41 0 0
2918 289 321 45 42 0 0
2919 289 319 47 44 0 0
2920 289 315 49 42 0 0
2921 293 313 45 42 0 0
2922 293 310 47 40 0 0
2923 295 308 47 40 0 0
2924 297 304 47 41 0 0
2925 299 302 47 41 0 0
2926 299 302 47 41 0 0
2927 303 301 47 40 0 0
2928 305 301 47 40 0 0
2929 305 301 47 40 0 0
2930 305 301 49 40 0 0
2931 309 301 47 40 0 0
2932 309 301 47 40 0 0
2933 309 303 49 38 0 0
2934 311 305 47 37 0 0
2935 311 305 49 37 0 0
2936 313 305 47 37 0 0
2937 313 307 49 35 0 0
2938 313 307 49 37 0 0
2939 313 307 49 37 0 0
2940 313 311 51 33 0 0
2941 317 313 47 33 0 0
2942 319 315 49 33 0 0
2943 319 315 49 33 0 0
2944 319 315 49 33 0 0
2945 319 317 51 33 0 0
2946 319 314 51 34 0 0
2947 319 314 51 34 0 0
2948 319 314 51 34 0 0
2949 319 314 51 34 0 0
2950 319 314 51 34 0 0
2951 319 314 51 34 0 0
2952 319 314 51 34 0 0
2953 319 314 51 31 0 0
2954 319 314 51 31 0 0
2955 319 312 51 33 0 0
2956 319 312 51 31 0 0
2957 319 310 51 31 0 0
2958 319 310 51 31 0 0
2959 319 309 51 30 0 0
2960 319 308 51 31 0 0
2961 319 308 51 31 0 0
2962 319 308 51 31 0 0
2963 319 310 53 29 0 0
2964 319 310 52 29 0 0
2965 321 310 50 29 0 0
2966 321 309 50 30 0 0
2967 321 308 51 29 0 0
2968 321 306 51 27 0 0
2969 321 304 50 29 0 0
2970 320 301 51 28 0 0
2971 320 299 51 30 0 0
2972 320 296 49 29 0 0
2973 320 296 49 29 0 0
2974 320 294 49 29 0 0
2975 318 292 51 27 0 0
2976 318 292 51 27 0 0
2977 318 290 51 27 0 0
2978 318 287 51 28 0 0
2979 318 286 51 27 0 0
2980 318 284 51 27 0 0
2981 318 282 51 27 0 0
2982 318 280 51 25 0 0
2983 318 280 51 25 0 0
2984 319 276 50 25 0 0
2985 319 274 50 25 0 0
2986 319 272 50 25 0 0
2987 319 270 50 25 0 0
2988 318 269 52 24 0 0
2989 318 266 51 25 0 0
2990 318 264 51 25 0 0
2991 318 263 51 24 0 0
2992 318 260 51 25 0 0
2993 318 258 51 25 0 0
2994 318 249 50 24 0 0
2995 318 240 49 23 0 0
2996 316 230 51 25 0 0
2997 316 228 49 23 0 0
2998 316 224 49 24 0 0
2999 314 214 51 23 0 0
