2331 719 433 36 48 0 0
2332 720 437 35 49 0 0
2333 720 445 35 48 0 0
2334 720 450 34 47 0 0
2335 718 453 35 49 0 0
2336 717 459 36 49 0 0
2337 716 463 37 50 0 0
2338 716 469 35 49 0 0
2339 716 473 35 48 0 0
2340 714 481 35 46 0 0
2341 714 485 35 46 0 0
2342 714 487 35 47 0 0
2343 712 493 35 47 0 0
2344 712 496 35 49 0 0
2345 708 503 37 48 0 0
2346 707 506 36 48 0 0
2347 704 512 37 47 0 0
2348 701 514 40 47 0 0
2349 701 516 37 47 0 0
2350 697 517 38 48 0 0
2351 696 518 37 48 0 0
2352 692 517 39 48 0 0
2353 690 517 39 48 0 0
2354 690 518 37 47 0 0
2355 689 518 36 45 0 0
2356 685 518 38 45 0 0
2357 685 516 36 47 0 0
2358 683 513 36 48 0 0
2359 679 513 36 46 0 0
2360 677 513 37 45 0 0
2361 675 511 36 46 0 0
2362 673 510 36 45 0 0
2363 667 508 40 45 0 0
2364 667 504 38 45 0 0
2365 667 501 36 47 0 0
2366 665 497 37 46 0 0
2367 664 495 37 44 0 0
2368 662 490 37 45 0 0
2369 660 485 38 46 0 0
2370 658 482 37 45 0 0
2371 657 479 37 45 0 0
2372 656 478 37 43 0 0
2373 654 476 36 41 0 0
2374 651 471 36 45 0 0
2375 649 468 36 45 0 0
2376 647 465 38 46 0 0
2377 646 463 38 44 0 0
2378 645 460 39 44 0 0
2379 647 456 37 43 0 0
2380 646 452 38 43 0 0
2381 647 446 38 44 0 0
2382 645 438 40 46 0 0
2383 645 432 40 47 0 0
2384 644 430 40 43 0 0
2385 644 427 40 44 0 0
2386 640 423 41 44 0 0
2387 639 423 42 43 0 0
2388 639 420 42 44 0 0
2389 638 415 43 46 0 0
2390 638 413 43 46 0 0
2391 639 412 43 43 0 0
2392 640 407 43 45 0 0
2393 641 407 42 44 0 0
2394 640 405 43 43 0 0
2395 639 405 45 42 0 0
2396 640 402 45 43 0 0
2397 640 400 46 43 0 0
2398 640 399 45 43 0 0
2399 640 397 46 42 0 0
2400 642 395 44 44 0 0
2401 643 395 44 42 0 0
2402 643 395 44 42 0 0
2403 643 395 46 41 0 0
2404 645 394 46 41 0 0
2405 645 391 49 44 0 0
2406 647 391 48 44 0 0
2407 649 394 48 43 0 0
2408 649 397 49 43 0 0
2409 651 401 46 42 0 0
2410 651 403 46 42 0 0
2411 651 405 46 41 0 0
2412 651 407 46 40 0 0
2413 651 408 47 41 0 0
2414 651 407 48 43 0 0
2415 651 409 50 42 0 0
2416 651 411 49 42 0 0
2417 653 412 51 45 0 0
2418 653 417 52 42 0 0
2419 653 419 51 43 0 0
2420 654 424 52 42 0 0
2421 654 427 51 42 0 0
2422 653 431 52 41 0 0
2423 653 433 53 41 0 0
2424 653 437 52 39 0 0
2425 653 440 53 40 0 0
2426 653 444 53 39 0 0
2427 653 447 54 40 0 0
2428 653 449 53 40 0 0
2429 653 453 52 41 0 0
2430 653 455 52 40 0 0
2431 652 459 53 38 0 0
2432 652 460 53 39 0 0
2433 653 461 51 39 0 0
2434 652 461 52 39 0 0
2435 652 461 54 39 0 0
2436 652 463 53 37 0 0
2437 651 464 54 38 0 0
2438 651 463 54 38 0 0
2439 651 462 54 39 0 0
2440 649 460 54 39 0 0
2441 648 461 55 38 0 0
2442 646 457 55 40 0 0
2443 645 457 56 40 0 0
2444 645 453 54 42 0 0
2445 644 453 56 40 0 0
2446 644 452 56 39 0 0
2447 645 449 56 40 0 0
2448 645 449 56 40 0 0
2449 645 447 56 40 0 0
2450 645 448 57 38 0 0
2451 645 449 56 36 0 0
2452 645 449 56 36 0 0
2453 643 447 56 38 0 0
2454 643 448 56 37 0 0
2455 643 446 56 37 0 0
2456 643 445 56 38 0 0
2457 643 444 57 39 0 0
2458 644 445 60 37 0 0
2459 644 441 62 41 0 0
2460 644 443 61 38 0 0
2461 644 441 59 40 0 0
2462 643 440 60 40 0 0
2463 645 440 58 39 0 0
2464 645 441 58 36 0 0
2465 645 441 58 36 0 0
2466 645 441 58 36 0 0
2467 646 443 58 36 0 0
2468 647 447 58 35 0 0
2469 649 449 59 35 0 0
2470 649 453 60 35 0 0
2471 649 453 60 37 0 0
2472 651 459 58 34 0 0
2473 651 463 58 33 0 0
2474 651 466 58 35 0 0
2475 650 469 59 34 0 0
2476 650 473 61 32 0 0
2477 650 474 59 33 0 0
2478 649 475 59 36 0 0
2479 649 477 60 36 0 0
2480 648 480 63 37 0 0
2481 647 485 65 36 0 0
2482 647 489 63 36 0 0
2483 647 493 61 34 0 0
2484 647 500 62 31 0 0
2485 647 502 61 32 0 0
2486 645 507 62 32 0 0
2487 642 511 62 32 0 0
2488 644 513 60 32 0 0
2489 642 517 62 30 0 0
2490 640 519 62 31 0 0
2491 639 521 64 30 0 0
2492 639 523 64 29 0 0
2493 639 525 62 27 0 0
2494 637 527 64 28 0 0
2495 637 527 62 28 0 0
2496 635 527 65 28 0 0
2497 632 527 66 29 0 0
2498 630 527 65 30 0 0
2499 629 527 64 29 0 0
2500 627 528 67 28 0 0
2501 626 528 64 27 0 0
2502 624 526 66 29 0 0
2503 623 525 66 30 0 0
2504 623 525 62 30 0 0
2505 619 524 65 31 0 0
2506 619 524 62 28 0 0
2507 618 522 62 29 0 0
2508 617 520 63 29 0 0
2509 617 518 63 31 0 0
2510 614 516 64 31 0 0
2511 614 516 62 30 0 0
2512 612 513 65 29 0 0
2513 612 512 62 28 0 0
2514 610 509 63 31 0 0
2515 610 507 63 29 0 0
2516 610 505 61 28 0 0
2517 607 502 60 29 0 0
2518 606 499 61 28 0 0
2519 606 497 61 27 0 0
2520 606 493 61 28 0 0
2521 602 491 65 28 0 0
2522 601 489 64 27 0 0
2523 601 487 64 27 0 0
2524 601 485 65 26 0 0
2525 601 481 66 26 0 0
2526 601 478 63 27 0 0
2527 601 476 64 27 0 0
2528 601 473 64 26 0 0
2529 600 471 65 26 0 0
2530 601 470 64 25 0 0
2531 601 467 64 28 0 0
2532 599 467 66 26 0 0
2533 599 464 66 28 0 0
2534 599 461 66 28 0 0
2535 599 461 64 28 0 0
2536 601 459 63 28 0 0
2537 599 456 64 31 0 0
2538 599 455 65 30 0 0
2539 599 457 66 26 0 0
2540 599 456 64 26 0 0
2541 599 453 67 28 0 0
2542 599 453 68 26 0 0
2543 599 454 66 25 0 0
2544 599 453 66 26 0 0
2545 599 453 66 25 0 0
2546 601 454 64 23 0 0
2547 602 454 63 25 0 0
2548 602 455 65 26 0 0
2549 604 456 64 29 0 0
2550 605 461 65 26 0 0
2551 606 465 65 27 0 0
2552 606 469 69 25 0 0
2553 607 473 66 28 0 0
2554 607 479 66 30 0 0
2555 609 483 64 28 0 0
2556 609 489 65 26 0 0
2557 609 494 65 25 0 0
2558 609 499 65 26 0 0
2559 609 503 66 28 0 0
2560 608 511 69 26 0 0
2561 607 517 71 27 0 0
2562 607 521 72 26 0 0
2563 605 527 66 27 0 0
2564 605 531 66 28 0 0
2565 605 533 66 28 0 0
2566 601 539 67 30 0 0
2567 601 543 66 30 0 0
2568 597 549 70 29 0 0
2569 597 553 68 28 0 0
2570 597 558 66 28 0 0
2571 595 563 66 28 0 0
2572 594 565 69 30 0 0
2573 594 570 69 29 0 0
2574 592 573 70 29 0 0
2575 590 577 70 30 0 0
2576 587 579 68 29 0 0
2577 585 581 68 28 0 0
2578 582 583 69 28 0 0
2579 581 583 70 29 0 0
2580 577 584 68 28 0 0
2581 576 583 67 28 0 0
2582 574 581 67 30 0 0
2583 571 581 68 31 0 0
2584 569 580 70 35 0 0
2585 565 579 67 30 0 0
2586 563 579 68 30 0 0
2587 560 573 65 30 0 0
2588 559 573 64 28 0 0
2589 556 570 67 31 0 0
2590 555 569 64 28 0 0
2591 552 563 66 32 0 0
2592 550 561 67 30 0 0
2593 549 559 68 30 0 0
2594 549 556 68 31 0 0
2595 549 554 67 31 0 0
2596 549 550 67 33 0 0
2597 549 545 66 32 0 0
2598 548 544 67 33 0 0
2599 545 540 69 32 0 0
2600 544 537 67 34 0 0
2601 543 533 66 34 0 0
2602 540 529 67 36 0 0
2603 538 527 67 34 0 0
2604 539 525 64 32 0 0
2605 535 522 66 33 0 0
2606 534 521 67 33 0 0
2607 533 519 68 33 0 0
2608 532 515 68 34 0 0
2609 531 513 68 34 0 0
2610 531 510 67 33 0 0
2611 531 508 67 33 0 0
2612 530 505 67 32 0 0
2613 529 503 67 33 0 0
2614 529 502 67 33 0 0
2615 531 500 65 33 0 0
2616 531 499 64 33 0 0
2617 531 497 64 34 0 0
2618 531 497 64 34 0 0
2619 531 496 64 35 0 0
2620 530 494 65 35 0 0
2621 529 493 66 36 0 0
2622 529 493 66 36 0 0
2623 529 493 64 36 0 0
2624 529 493 64 36 0 0
2625 529 493 64 38 0 0
2626 528 493 65 38 0 0
2627 529 493 63 36 0 0
2628 528 492 63 36 0 0
2629 528 492 62 36 0 0
2630 527 495 62 36 0 0
2631 527 497 63 36 0 0
2632 527 500 63 37 0 0
2633 527 503 63 37 0 0
2634 527 505 63 37 0 0
2635 526 506 63 37 0 0
2636 526 506 63 37 0 0
2637 525 505 63 37 0 0
2638 525 505 63 38 0 0
2639 524 507 63 40 0 0
2640 523 509 63 40 0 0
2641 522 512 63 40 0 0
2642 521 515 63 40 0 0
2643 521 517 63 40 0 0
2644 521 519 63 40 0 0
2645 521 521 63 40 0 0
2646 519 523 64 40 0 0
2647 517 526 65 42 0 0
2648 516 528 65 43 0 0
2649 515 531 65 44 0 0
2650 514 533 65 44 0 0
2651 516 536 62 44 0 0
2652 516 538 61 44 0 0
2653 515 539 61 44 0 0
2654 514 542 61 44 0 0
2655 513 544 61 44 0 0
2656 512 548 59 45 0 0
2657 510 551 59 45 0 0
2658 508 553 60 46 0 0
2659 505 557 61 46 0 0
2660 503 559 62 47 0 0
2661 504 563 60 47 0 0
2662 505 567 58 45 0 0
2663 505 569 57 45 0 0
2664 502 571 58 45 0 0
2665 500 573 58 44 0 0
2666 497 575 58 44 0 0
2667 497 577 56 44 0 0
