1997 625 207 43 19 0 0
1998 625 207 45 17 0 0
1999 625 207 46 17 0 0
2000 627 204 44 18 0 0
2001 627 203 44 20 0 0
2002 627 203 44 18 0 0
2003 627 201 44 19 0 0
2004 629 199 44 21 0 0
2005 630 199 43 21 0 0
2006 630 199 43 20 0 0
2007 631 199 43 19 0 0
2008 633 198 43 19 0 0
2009 635 196 43 19 0 0
2010 636 194 44 19 0 0
2011 637 192 45 19 0 0
2012 639 190 45 18 0 0
2013 641 188 45 19 0 0
2014 642 186 45 20 0 0
2015 643 186 46 20 0 0
2016 645 185 45 20 0 0
2017 647 185 45 20 0 0
2018 649 185 45 19 0 0
2019 651 185 46 19 0 0
2020 653 185 46 19 0 0
2021 654 185 46 19 0 0
2022 655 185 47 19 0 0
2023 657 185 47 19 0 0
2024 659 185 48 19 0 0
2025 661 185 48 19 0 0
2026 663 185 49 19 0 0
2027 665 187 48 18 0 0
2028 667 188 47 19 0 0
2029 669 190 47 17 0 0
2030 671 191 48 19 0 0
2031 673 193 48 18 0 0
2032 675 196 48 18 0 0
2033 677 197 48 18 0 0
2034 679 200 48 17 0 0
2035 681 201 49 18 0 0
2036 684 203 49 17 0 0
2037 685 205 49 17 0 0
2038 687 207 49 17 0 0
2039 689 211 49 15 0 0
2040 691 213 49 15 0 0
2041 693 216 48 16 0 0
2042 695 219 47 16 0 0
2043 697 223 45 15 0 0
2044 697 225 47 16 0 0
2045 700 229 47 15 0 0
2046 701 231 48 15 0 0
2047 703 233 48 16 0 0
2048 704 239 49 14 0 0
2049 705 239 50 16 0 0
2050 707 241 48 18 0 0
2051 707 243 50 18 0 0
2052 707 247 50 16 0 0
2053 709 251 49 16 0 0
2054 709 255 50 16 0 0
2055 709 255 50 18 0 0
2056 709 257 50 18 0 0
2057 711 259 48 18 0 0
2058 711 261 48 17 0 0
2059 711 261 50 18 0 0
2060 711 262 50 18 0 0
2061 712 263 49 19 0 0
2062 712 265 49 18 0 0
2063 712 267 49 18 0 0
2064 712 268 50 19 0 0
2065 713 269 50 18 0 0
2066 713 271 50 18 0 0
2067 713 273 50 18 0 0
2068 715 273 50 18 0 0
2069 716 273 49 18 0 0
2070 716 273 51 19 0 0
2071 717 273 50 20 0 0
2072 717 273 51 20 0 0
2073 717 273 51 20 0 0
2074 718 275 49 20 0 0
2075 718 275 49 22 0 0
2076 718 275 49 21 0 0
2077 718 277 49 20 0 0
2078 718 277 49 22 0 0
2079 718 279 51 22 0 0
2080 719 281 50 20 0 0
2081 719 281 50 22 0 0
2082 719 283 50 22 0 0
2083 720 285 51 22 0 0
2084 721 287 51 22 0 0
2085 721 288 52 21 0 0
2086 723 289 50 22 0 0
2087 724 289 51 22 0 0
2088 725 291 51 22 0 0
2089 725 293 51 22 0 0
2090 725 293 52 22 0 0
2091 725 293 50 22 0 0
2092 723 293 52 22 0 0
2093 721 293 52 22 0 0
2094 720 293 53 22 0 0
2095 718 293 53 22 0 0
2096 717 293 52 22 0 0
2097 717 294 52 21 0 0
2098 717 294 52 23 0 0
2099 717 294 52 23 0 0
2100 718 294 53 23 0 0
2101 719 294 53 23 0 0
2102 721 294 52 23 0 0
2103 722 295 51 23 0 0
2104 723 297 52 22 0 0
2105 723 298 52 23 0 0
2106 723 301 52 24 0 0
2107 723 301 52 25 0 0
2108 723 303 52 25 0 0
2109 725 304 52 25 0 0
2110 725 305 52 26 0 0
2111 726 307 53 25 0 0
2112 727 309 52 25 0 0
2113 727 311 52 26 0 0
2114 727 313 52 26 0 0
2115 727 317 52 26 0 0
2116 727 319 52 26 0 0
2117 727 321 53 26 0 0
2118 727 321 53 26 0 0
2119 727 321 52 26 0 0
2120 727 321 52 25 0 0
2121 726 321 53 25 0 0
2122 726 321 53 24 0 0
2123 725 320 52 25 0 0
2124 725 319 52 26 0 0
2125 725 319 52 26 0 0
2126 725 317 54 27 0 0
2127 727 317 52 26 0 0
2128 727 317 52 26 0 0
2129 729 317 50 26 0 0
2130 729 315 52 28 0 0
2131 730 315 53 28 0 0
2132 730 314 53 27 0 0
2133 731 313 52 28 0 0
2134 732 313 51 28 0 0
2135 733 313 51 28 0 0
2136 733 315 52 28 0 0
2137 733 317 52 28 0 0
2138 733 319 52 28 0 0
2139 733 321 52 28 0 0
2140 732 323 53 30 0 0
2141 731 326 52 31 0 0
2142 731 327 52 32 0 0
2143 732 329 51 30 0 0
2144 731 328 52 29 0 0
2145 731 329 52 29 0 0
2146 731 327 52 32 0 0
2147 731 327 50 30 0 0
2148 731 325 50 30 0 0
2149 731 325 50 29 0 0
2150 731 325 50 29 0 0
2151 731 325 50 30 0 0
2152 731 325 50 30 0 0
2153 731 325 49 31 0 0
2154 729 323 51 32 0 0
2155 729 322 51 32 0 0
2156 729 322 50 31 0 0
2157 729 323 50 32 0 0
2158 729 323 50 34 0 0
2159 728 323 51 34 0 0
2160 729 323 50 34 0 0
2161 729 321 50 34 0 0
2162 731 321 48 32 0 0
2163 731 319 48 34 0 0
2164 731 319 50 32 0 0
2165 731 317 50 35 0 0
2166 732 317 49 36 0 0
2167 733 313 50 40 0 0
2168 733 313 50 38 0 0
2169 735 311 49 37 0 0
2170 736 309 48 39 0 0
2171 739 309 48 38 0 0
2172 740 311 48 36 0 0
2173 741 311 48 36 0 0
2174 743 313 48 36 0 0
2175 745 313 47 38 0 0
2176 747 315 47 38 0 0
2177 748 315 48 40 0 0
2178 749 317 47 40 0 0
2179 750 319 47 38 0 0
2180 751 319 48 40 0 0
2181 751 321 50 40 0 0
2182 753 323 48 42 0 0
2183 754 327 47 40 0 0
2184 755 329 48 42 0 0
2185 757 335 46 40 0 0
2186 757 337 48 42 0 0
2187 757 341 48 41 0 0
2188 759 347 46 42 0 0
2189 759 349 46 44 0 0
2190 759 353 46 44 0 0
2191 759 357 46 42 0 0
2192 759 361 46 44 0 0
2193 759 368 46 43 0 0
2194 759 371 46 44 0 0
2195 757 377 47 44 0 0
2196 757 379 48 45 0 0
2197 757 384 47 45 0 0
2198 757 391 46 47 0 0
2199 757 395 46 46 0 0
2200 755 401 48 44 0 0
2201 755 403 48 46 0 0
2202 755 409 44 44 0 0
2203 755 413 44 43 0 0
2204 753 415 44 43 0 0
2205 753 415 42 44 0 0
2206 753 417 42 44 0 0
2207 753 419 42 44 0 0
2208 751 419 42 46 0 0
2209 749 421 42 46 0 0
2210 749 423 42 46 0 0
2211 747 427 44 45 0 0
2212 745 429 44 46 0 0
2213 745 431 42 46 0 0
2214 743 433 44 47 0 0
2215 741 435 44 48 0 0
2216 741 439 44 45 0 0
2217 739 439 44 47 0 0
2218 739 441 44 46 0 0
2219 737 439 44 47 0 0
2220 737 438 44 47 0 0
2221 737 435 42 48 0 0
2222 735 435 42 46 0 0
2223 733 433 42 48 0 0
2224 731 433 42 48 0 0
2225 729 431 39 50 0 0
2226 727 431 40 48 0 0
2227 725 431 40 48 0 0
2228 721 429 40 48 0 0
2229 719 427 38 48 0 0
2230 715 423 38 50 0 0
2231 713 421 38 50 0 0
2232 711 419 38 50 0 0
2233 709 417 38 50 0 0
2234 709 417 36 48 0 0
2235 707 413 36 50 0 0
2236 707 413 36 48 0 0
2237 705 411 36 48 0 0
2238 705 409 36 48 0 0
2239 705 409 38 48 0 0
2240 707 407 36 50 0 0
2241 707 407 36 48 0 0
2242 707 403 36 50 0 0
2243 707 401 36 49 0 0
2244 706 399 35 48 0 0
2245 705 395 35 48 0 0
2246 703 393 37 48 0 0
2247 701 393 36 48 0 0
2248 701 393 34 47 0 0
2249 699 391 36 49 0 0
2250 698 391 34 50 0 0
2251 697 391 34 50 0 0
2252 697 391 32 50 0 0
2253 697 392 32 50 0 0
2254 697 393 32 50 0 0
2255 697 395 32 50 0 0
2256 699 395 30 50 0 0
2257 699 397 30 49 0 0
2258 699 396 30 51 0 0
2259 699 397 30 50 0 0
2260 699 397 30 50 0 0
2261 698 399 30 50 0 0
2262 697 400 30 50 0 0
2263 697 400 28 51 0 0
2264 697 400 28 51 0 0
2265 696 400 29 49 0 0
2266 694 397 31 52 0 0
2267 693 397 30 52 0 0
2268 692 395 29 52 0 0
2269 691 395 28 52 0 0
2270 690 395 28 52 0 0
2271 689 395 28 52 0 0
2272 688 395 29 52 0 0
2273 687 395 28 52 0 0
2274 687 395 28 52 0 0
2275 687 395 28 52 0 0
2276 687 395 28 52 0 0
2277 687 394 26 51 0 0
2278 687 394 26 51 0 0
2279 687 393 26 52 0 0
2280 686 391 27 50 0 0
2281 685 389 28 50 0 0
2282 685 387 26 52 0 0
2283 685 385 26 50 0 0
2284 685 383 26 50 0 0
2285 684 381 25 50 0 0
2286 684 379 25 50 0 0
2287 684 377 25 52 0 0
2288 684 376 23 51 0 0
2289 684 374 23 51 0 0
2290 684 370 23 51 0 0
2291 683 365 24 52 0 0
2292 683 359 24 52 0 0
2293 683 356 24 51 0 0
2294 683 353 24 52 0 0
2295 683 349 24 52 0 0
2296 683 347 25 52 0 0
2297 685 344 23 52 0 0
2298 685 343 24 52 0 0
2299 687 341 24 52 0 0
2300 688 339 23 52 0 0
2301 688 339 24 50 0 0
2302 689 337 25 52 0 0
2303 691 337 23 52 0 0
2304 693 336 23 51 0 0
2305 695 336 24 51 0 0
2306 695 336 26 50 0 0
2307 697 335 25 50 0 0
2308 699 335 24 51 0 0
2309 701 336 24 50 0 0
2310 703 338 24 52 0 0
2311 706 339 23 54 0 0
2312 707 343 26 53 0 0
2313 710 345 25 52 0 0
2314 711 347 24 54 0 0
2315 711 349 26 54 0 0
2316 712 351 27 52 0 0
2317 713 355 26 52 0 0
2318 713 357 28 52 0 0
2319 712 361 29 52 0 0
2320 715 366 28 52 0 0
2321 715 369 28 52 0 0
2322 715 375 30 52 0 0
2323 715 379 32 52 0 0
2324 717 388 31 51 0 0
2325 717 394 32 51 0 0
2326 718 402 33 51 0 0
2327 719 405 34 53 0 0
2328 719 409 34 52 0 0
2329 719 415 36 54 0 0
2330 721 421 34 53 0 0
