668 1 102 6 11 0 0
669 1 103 6 13 0 0
670 1 102 8 14 0 0
671 1 100 11 16 0 0
672 1 98 12 17 0 0
673 3 95 14 16 0 0
674 5 91 14 16 0 0
675 7 90 13 15 0 0
676 9 88 14 15 0 0
677 11 85 15 16 0 0
678 13 84 14 16 0 0
679 15 82 14 16 0 0
680 17 81 14 15 0 0
681 19 78 15 15 0 0
682 23 76 13 15 0 0
683 25 74 13 15 0 0
684 27 71 15 16 0 0
685 29 69 15 15 0 0
686 33 65 15 16 0 0
687 35 63 14 16 0 0
688 37 62 13 15 0 0
689 39 59 15 16 0 0
690 41 58 16 15 0 0
691 45 55 15 16 0 0
692 48 53 14 16 0 0
693 51 50 14 16 0 0
694 53 48 14 17 0 0
695 53 46 16 19 0 0
696 59 42 14 19 0 0
697 61 41 14 18 0 0
698 64 38 15 19 0 0
699 66 35 15 20 0 0
700 69 33 15 20 0 0
701 73 30 14 21 0 0
702 75 29 14 20 0 0
703 81 27 13 20 0 0
704 82 26 15 19 0 0
705 87 22 14 20 0 0
706 89 19 14 22 0 0
707 91 17 15 22 0 0
708 96 14 14 20 0 0
709 98 12 15 19 0 0
710 103 9 14 19 0 0
711 107 9 13 18 0 0
712 109 8 14 18 0 0
713 113 8 15 17 0 0
714 115 7 15 16 0 0
715 119 7 14 16 0 0
716 125 7 14 15 0 0
717 127 8 14 14 0 0
718 131 5 15 16 0 0
719 135 5 14 15 0 0
720 141 5 13 14 0 0
721 144 4 12 13 0 0
722 148 3 13 13 0 0
723 151 2 13 14 0 0
724 153 1 14 14 0 0
725 159 1 12 12 0 0
726 163 1 11 11 0 0
727 166 1 11 10 0 0
728 168 1 11 9 0 0
729 169 1 13 9 0 0
730 175 1 11 10 0 0
731 179 1 10 10 0 0
732 183 1 10 10 0 0
733 185 1 10 10 0 0
734 187 2 12 6 0 0
735 191 1 11 6 0 0
736 195 1 9 6 0 0
737 199 1 9 5 0 0
738 201 2 10 4 0 0
739 206 1 10 5 0 0
740 209 1 10 5 0 0
741 213 1 9 5 0 0
742 215 1 10 5 0 0
743 219 1 11 5 0 0
744 223 1 11 5 0 0
745 227 1 10 5 0 0
746 230 1 10 5 0 0
747 235 1 10 5 0 0
748 238 1 12 4 0 0
749 242 1 12 4 0 0
754 253 1 13 4 0 0
755 257 1 12 4 0 0
756 259 1 12 6 0 0
757 263 1 11 7 0 0
758 266 1 13 8 0 0
759 269 1 13 9 0 0
760 273 1 13 10 0 0
761 276 1 13 11 0 0
762 280 1 14 11 0 0
763 283 1 13 12 0 0
764 287 1 13 13 0 0
765 287 1 16 13 0 0
766 290 1 16 15 0 0
767 294 1 17 16 0 0
768 295 1 19 17 0 0
769 297 1 19 17 0 0
770 300 3 18 18 0 0
771 302 5 19 16 0 0
772 303 7 21 16 0 0
773 307 7 18 17 0 0
774 309 6 19 18 0 0
775 310 6 19 18 0 0
776 312 4 20 20 0 0
777 313 2 21 22 0 0
778 315 3 21 21 0 0
779 317 2 20 21 0 0
780 318 2 20 20 0 0
781 320 2 17 17 0 0
782 321 2 16 15 0 0
783 323 2 14 11 0 0
784 325 2 12 9 0 0
785 325 2 12 7 0 0
786 329 2 10 3 0 0
787 331 2 8 2 0 0
851 582 2 11 3 0 0
852 583 2 16 3 0 0
853 586 2 18 5 0 0
854 587 2 19 8 0 0
855 589 1 21 11 0 0
856 591 1 22 13 0 0
857 593 1 23 13 0 0
858 594 1 24 13 0 0
859 595 1 25 13 0 0
860 596 1 28 17 0 0
861 597 1 27 17 0 0
862 599 1 37 21 0 0
863 600 1 36 21 0 0
864 601 3 37 22 0 0
865 603 3 37 23 0 0
866 605 5 37 22 0 0
867 607 7 37 21 0 0
868 609 6 37 21 0 0
869 611 5 37 21 0 0
870 614 3 40 23 0 0
871 617 3 37 22 0 0
872 619 1 38 22 0 0
873 621 1 31 19 0 0
874 623 1 30 18 0 0
875 625 1 28 16 0 0
876 627 1 26 14 0 0
877 627 1 26 12 0 0
878 629 1 24 11 0 0
879 631 1 22 10 0 0
880 633 1 21 10 0 0
881 635 1 21 8 0 0
882 639 1 17 6 0 0
883 640 1 16 5 0 0
884 649 1 7 4 0 0
